2.266566300000000069e+02
1.012015499999999975e+02
2.399868100000000126e+01
4.924613299999999860e+00
nan
9.208759499999999321e+01
3.365400000000000205e+02
2.302888899999999950e+01
1.596683999999999948e+01
6.660234900000000380e+02
2.573609799999999836e+01
1.341905199999999923e+02
4.981770999999999731e+03
3.884537000000000262e+01
3.112580000000000169e+01
7.393068800000000351e+01
5.196120600000000422e+02
5.579015699999999924e+02
2.285500900000000115e+02
7.714123600000000636e+01
4.174939299999999776e+01
9.630082199999999659e+01
5.114191600000000193e+01
5.157593500000000404e+02
9.315766100000000449e+01
1.891436599999999999e+03
7.653955700000000206e+02
2.582779299999999978e+01
1.085397099999999959e+01
9.759859399999999852e+00
5.489492700000000269e+01
5.010812500000000000e+07
nan
2.581617200000000167e+01
1.706440200000000118e+02
2.267301099999999963e+02
4.024365300000000190e+01
1.363695700000000102e+02
2.135332200000000000e+02
4.504657299999999850e+03
7.421738699999999653e+02
1.893669799999999981e+01
3.609713099999999741e+01
7.329879200000000594e+01
6.475704100000000381e+02
-1.393372600000000006e+01
2.471580399999999855e+01
7.957380100000000311e+01
8.993257400000000246e+01
4.542055400000000276e+01
1.559296299999999924e+01
-8.179915400000000503e+00
4.199090400000000045e+01
7.727787600000000623e+01
2.843025199999999941e+01
1.800244000000000142e+02
1.144204799999999977e+02
3.004141399999999962e+01
8.919337600000000421e+00
8.213442200000000071e+01
3.921485700000000065e+02
1.273884900000000016e+04
4.442097099999999728e+02
3.981554799999999972e+01
8.686008199999999988e+02
1.497768899999999981e+01
1.438195100000000082e+02
-1.511609600000000064e+01
3.495861500000000177e+01
-2.220268199999999936e+01
1.093890499999999975e+02
2.232541299999999865e+03
nan
1.737204099999999869e+02
-1.279954700000000045e+01
9.244211599999999862e+01
4.536453399999999903e+01
-7.042886099999999594e+00
-1.674878400000000100e+00
1.127176400000000029e+02
7.563058599999999387e+01
5.087188800000000128e+02
1.374176099999999963e+02
3.548670599999999808e+01
1.464184099999999944e+02
4.857818400000000203e+00
1.242197299999999949e+01
1.188628099999999961e+02
1.564623499999999865e+02
1.648433999999999969e+03
2.487113000000000085e+01
3.837009899999999973e+00
3.430061299999999846e+01
4.197637199999999780e+02
-9.156784599999999941e+00
-1.661634899999999915e+00
-2.615197900000000075e+00
1.006424600000000055e+03
-2.608112499999999834e+00
1.823513499999999965e+01
7.890085199999999688e+00
2.885709699999999884e+02
8.132674500000000535e+02
-1.836520899999999996e-03
9.503508599999999973e+00
4.452268699999999768e+01
3.829774199999999951e+01
1.195864299999999929e+02
-5.971405500000000366e+00
1.005242300000000029e+02
6.497966300000000217e+01
-1.473150699999999924e+00
2.286262499999999989e+02
1.956118700000000104e+02
1.458575499999999920e+03
7.897996700000000203e+00
1.020252100000000084e+01
2.610990200000000172e+01
6.033644900000000462e+02
1.693786900000000060e+03
6.255570800000000276e+01
-1.679395200000000088e+00
6.125141800000000103e+01
7.310833599999999706e+02
4.041854599999999778e+02
-1.751719400000000038e+00
1.152877500000000026e+02
3.005099900000000090e+01
1.058533900000000045e+02
7.358245700000000511e+01
6.805786100000000260e+01
4.611411199999999866e+01
1.916287000000000074e+00
1.218705599999999976e+02
1.015708199999999977e+02
1.004597900000000044e+00
2.925379500000000021e+01
7.425199900000000071e+02
3.581675000000000182e+03
8.765442799999999579e+01
1.705902199999999880e+01
-3.628550900000000023e+00
4.427824699999999893e+02
3.170762500000000159e+02
3.728779000000000110e+02
7.959853500000000359e+00
7.328579600000000482e+01
3.629249399999999781e+01
1.585342699999999994e+01
3.198288199999999915e+00
4.721060499999999820e+02
2.311563299999999970e+02
8.941556400000000338e+01
3.348451800000000276e+02
1.119196099999999916e+01
2.295694600000000030e+00
3.593188099999999707e+01
3.160452499999999887e+01
3.294566100000000120e+02
9.740887300000000693e+00
8.297578899999999749e+02
2.006759499999999889e+03
5.121501900000000205e+03
4.814132099999999781e+01
1.497860799999999927e+03
3.316501799999999776e+02
3.525253899999999874e+01
3.903594400000000064e+02
2.647908800000000156e+03
1.302505400000000080e+01
1.766621700000000033e+02
-6.481667200000000406e+00
1.365526299999999935e+02
4.162536299999999869e+02
2.606072699999999895e+04
6.481646999999999537e+01
1.280299699999999916e+02
3.534705700000000093e+02
1.614575100000000063e+01
2.585926900000000117e+01
4.100948100000000096e+01
2.095825900000000104e+02
7.304550399999999399e+01
6.121813000000000216e+01
4.955230999999999852e+01
6.422143100000000437e+00
3.483546200000000148e+00
-8.230764799999999992e-01
5.610234400000000505e+02
7.918352000000000146e+01
6.624489599999999712e+01
2.189622500000000116e+01
1.920004199999999912e+02
-1.008884799999999915e+00
7.464136899999999741e+02
2.727238499999999988e+01
4.097231400000000008e+02
5.058359800000000064e+02
1.726041899999999885e+01
-4.404088999999999920e+00
7.461993800000000192e+02
1.238262200000000064e+02
2.477179900000000146e+01
1.124132599999999940e+02
-1.921834700000000007e+00
7.849477799999999661e+01
2.057189999999999941e+02
2.716760100000000122e+01
8.684490599999999461e+01
2.290075600000000122e+02
5.719773500000000155e+01
1.100118400000000065e+02
6.798172499999999445e+02
5.451105199999999940e+01
2.821782200000000174e+01
1.352568699999999957e+01
8.231653599999999642e+03
1.526426200000000108e+03
8.924370100000000861e+00
5.268893599999999822e+01
2.286087600000000093e+05
7.462658199999999908e+01
2.995325499999999863e+01
2.450582599999999900e+02
2.653508300000000020e+01
-4.264599699999999771e+00
7.192751599999999712e+01
6.560210700000000372e+01
4.712304799999999716e+01
4.425841100000000239e+01
5.413357899999999745e+01
-1.105490600000000079e+01
9.564774999999999636e+02
7.334987800000000107e+02
1.013282699999999977e+03
-7.783761600000000058e+00
9.694451899999999966e+01
6.495770000000000266e+01
-4.208255499999999927e+00
3.478239300000000185e+02
5.821218599999999697e+02
1.954329199999999901e+03
2.713242799999999875e+02
2.384908900000000074e+02
-1.363279099999999922e+01
1.970206699999999955e+02
5.639234100000000183e+01
1.872907800000000123e+02
7.390664599999999496e+01
8.992593599999999299e+01
2.223596099999999964e+01
5.036387200000000064e+00
4.246914000000000300e+01
2.201612299999999891e+02
1.769910000000000139e+01
1.259052300000000031e+02
