# r Si-Si
9.999999999999958575e-03 1.292817501312402965e+04
3.000000000000007522e-02 0.000000000000000000e+00
5.000000000000018319e-02 6.185729671351212744e+01
7.000000000000020095e-02 0.000000000000000000e+00
8.999999999999988565e-02 0.000000000000000000e+00
1.099999999999996397e-01 0.000000000000000000e+00
1.299999999999997824e-01 0.000000000000000000e+00
1.499999999999992728e-01 0.000000000000000000e+00
1.700000000000010392e-01 0.000000000000000000e+00
1.899999999999995859e-01 0.000000000000000000e+00
2.100000000000007139e-01 0.000000000000000000e+00
2.299999999999987887e-01 0.000000000000000000e+00
2.500000000000000000e-01 0.000000000000000000e+00
2.700000000000010170e-01 1.074304056267577634e+00
2.900000000000002576e-01 1.862581042086733252e+00
3.100000000000011080e-01 0.000000000000000000e+00
3.299999999999986278e-01 0.000000000000000000e+00
3.499999999999990896e-01 6.394388670058382962e-01
3.700000000000007172e-01 1.144390104729043012e+00
3.900000000000005129e-01 2.575128478432801682e+00
4.099999999999976996e-01 4.660145271834763014e-01
4.300000000000027134e-01 4.236801144761100923e-01
4.500000000000018985e-01 1.547450477362380505e+00
4.699999999999990852e-01 0.000000000000000000e+00
4.899999999999978262e-01 9.788633849722913061e-01
5.100000000000020073e-01 9.036047956612476284e-01
5.300000000000009148e-01 5.578019162585332591e-01
5.499999999999992673e-01 1.035952963910734548e+00
5.699999999999962874e-01 0.000000000000000000e+00
5.900000000000026334e-01 4.501296964981722493e-01
6.100000000000020961e-01 4.210994760145926330e-01
6.299999999999977840e-01 5.921843991720171507e-01
6.500000000000031308e-01 3.708705072757110810e-01
6.699999999999979305e-01 6.981221488308447798e-01
6.899999999999982814e-01 8.228007823835961076e-01
7.100000000000004086e-01 4.662610305038594194e-01
7.299999999999976508e-01 5.880853828154746221e-01
7.500000000000000000e-01 2.785704284325025704e-01
7.700000000000027933e-01 7.928639335889782203e-01
7.899999999999988143e-01 6.276910048903711070e-01
8.100000000000018296e-01 8.359094150474571938e-01
8.300000000000040679e-01 5.686513632459498924e-01
8.499999999999963141e-01 3.253244060407995963e-01
8.700000000000028821e-01 6.210790756861354067e-01
8.899999999999942402e-01 7.913069433137365216e-01
9.099999999999971445e-01 1.040748270256318664e+00
9.300000000000049338e-01 9.058799426211878725e-01
9.499999999999956257e-01 5.208843127005738927e-01
9.699999999999989742e-01 6.661689882707831911e-01
9.900000000000033218e-01 3.997036585351425586e-01
1.009999999999996456e+00 2.304186323794394364e-01
1.030000000000000249e+00 4.431149821126282307e-01
1.050000000000004929e+00 5.685275789366213139e-01
1.069999999999994955e+00 4.790392723242735684e-01
1.090000000000000524e+00 3.297297266178694231e-01
1.110000000000007203e+00 4.451369149928072755e-01
1.129999999999996785e+00 4.908796648456635325e-01
1.150000000000000577e+00 3.554658647716682496e-01
1.169999999999997708e+00 4.006535727523675150e-01
1.189999999999998170e+00 4.979567713967872344e-01
1.209999999999998632e+00 4.281171614813690240e-01
1.229999999999999760e+00 7.250392582089623117e-01
1.250000000000000000e+00 3.510120514931772129e-01
1.269999999999999574e+00 3.886215218836829299e-01
1.290000000000002700e+00 5.649973419870499836e-01
1.310000000000001830e+00 3.195952320292556603e-01
1.330000000000000293e+00 3.543494799296684206e-01
1.350000000000002975e+00 3.439281988606999185e-01
1.370000000000003437e+00 5.426849573146794725e-01
1.389999999999991465e+00 5.271807428140729002e-01
1.410000000000005249e+00 5.123315769645726547e-01
1.430000000000005489e+00 4.214701380036496858e-01
1.449999999999993294e+00 9.316448709150326746e-01
1.470000000000007967e+00 7.614321400842630760e-01
1.490000000000005320e+00 5.293775017521730186e-01
1.509999999999994680e+00 4.123578635951343774e-01
1.529999999999991145e+00 4.351185364309793635e-01
1.550000000000006928e+00 5.217997169906121169e-01
1.569999999999994289e+00 5.721641011527319742e-01
1.589999999999992530e+00 2.479381124532946679e-01
1.610000000000009202e+00 4.231788726350030339e-01
1.629999999999996341e+00 4.128579546794350352e-01
1.649999999999993472e+00 8.345994047001582539e-01
1.670000000000003038e+00 4.775997236330341567e-01
1.689999999999997948e+00 6.858273642434579154e-01
1.709999999999993081e+00 5.894931837638053285e-01
1.730000000000005089e+00 6.806589873140062030e-01
1.750000000000000000e+00 6.907743744619168069e-01
1.769999999999994689e+00 5.251960120162409984e-01
1.790000000000007585e+00 5.624326633058290836e-01
1.810000000000002052e+00 4.304911374388736833e-01
1.829999999999995852e+00 7.486809014176712962e-01
1.850000000000008304e+00 5.494356480844887480e-01
1.870000000000003659e+00 5.153398914058926472e-01
1.889999999999990132e+00 5.702942140359633649e-01
1.910000000000010356e+00 6.228458479066018016e-01
1.930000000000005933e+00 3.575886250933231758e-01
1.949999999999992184e+00 6.181608598951923161e-01
1.970000000000013074e+00 5.854840843979978171e-01
1.990000000000006208e+00 7.518428373986667523e-01
2.009999999999993570e+00 5.624132947616420353e-01
2.029999999999986926e+00 5.894125564477077361e-01
2.050000000000006484e+00 4.847473678808800757e-01
2.069999999999995843e+00 6.217103910901565778e-01
2.089999999999990976e+00 9.686149145029672169e-01
2.110000000000010090e+00 4.927687378573342714e-01
2.129999999999996341e+00 3.453988413779417455e-01
2.149999999999989697e+00 6.441052269629308213e-01
2.170000000000001705e+00 7.154827903692173585e-01
2.190000000000003055e+00 6.207913072635669050e-01
2.209999999999995524e+00 4.973103077210362377e-01
2.230000000000007976e+00 5.987206508185088927e-01
2.250000000000000000e+00 7.583705554568141993e-01
2.269999999999992024e+00 5.473955410774731245e-01
2.290000000000003144e+00 4.930528722810516573e-01
2.309999999999994280e+00 5.579691690257035930e-01
2.330000000000001403e+00 5.195666546165260691e-01
2.350000000000011191e+00 1.647203105100764020e+01
2.370000000000003659e+00 6.974675609209832761e-01
2.389999999999989466e+00 6.446927705371741091e-01
2.410000000000003695e+00 4.991354604990571597e-01
2.429999999999995719e+00 6.236431228708883001e-01
2.450000000000001954e+00 4.829702968701977683e-01
2.470000000000015739e+00 5.137087822876212906e-01
2.490000000000006430e+00 4.675778971376821080e-01
2.509999999999993125e+00 5.720860651373427253e-01
2.529999999999983817e+00 4.529097797154507110e-01
2.549999999999996270e+00 6.386259487636265497e-01
2.570000000000006501e+00 5.100976180929308601e-01
2.589999999999998526e+00 4.672094124770870827e-01
2.610000000000010978e+00 4.025670109655833384e-01
2.629999999999996341e+00 5.097440936258141875e-01
2.649999999999987477e+00 7.029104802262642337e-01
2.669999999999993712e+00 5.935024073546628642e-01
2.690000000000012381e+00 5.089142080039604776e-01
2.710000000000003073e+00 5.654426915860889524e-01
2.730000000000009752e+00 5.361622315633476354e-01
2.750000000000000000e+00 5.387525269570139219e-01
2.769999999999990248e+00 5.105777180203699972e-01
2.789999999999996039e+00 4.227584554682389251e-01
2.809999999999985842e+00 5.854513569160195718e-01
2.830000000000008509e+00 4.891573732485056114e-01
2.850000000000013411e+00 4.919624461612427946e-01
2.870000000000003659e+00 4.470803532476988473e-01
2.889999999999989022e+00 6.379178761023723832e-01
2.909999999999997478e+00 5.644109437023502318e-01
2.929999999999988169e+00 5.476052483684898942e-01
2.950000000000009059e+00 4.771813402266499304e-01
2.970000000000017515e+00 5.063066065626766754e-01
2.990000000000006875e+00 4.732635339373196248e-01
3.009999999999992681e+00 5.015874746382719129e-01
3.029999999999982041e+00 4.437821075050465414e-01
3.049999999999989608e+00 6.148581070507014301e-01
3.070000000000013607e+00 5.154264258528257203e-01
3.090000000000003855e+00 6.154546635066888705e-01
3.110000000000011422e+00 7.209763357449436860e-01
3.129999999999995897e+00 4.878574716643335751e-01
3.149999999999985700e+00 5.764392866179367525e-01
3.169999999999988383e+00 5.769856779439183070e-01
3.190000000000019043e+00 4.234802679840370399e-01
3.210000000000007958e+00 5.094676486866217546e-01
3.230000000000011084e+00 5.932994387451303586e-01
3.250000000000000000e+00 5.118400635669174692e-01
3.269999999999988916e+00 3.590479895774136843e-01
3.289999999999991154e+00 4.994698019943922263e-01
3.309999999999979625e+00 5.935728962602916381e-01
3.330000000000013394e+00 5.158059719698970813e-01
3.350000000000014744e+00 4.677751827650367122e-01
3.370000000000004103e+00 5.174322165417546415e-01
3.389999999999988578e+00 6.613393384634266292e-01
3.409999999999993481e+00 5.727461799103440443e-01
3.429999999999982396e+00 4.795084936256011066e-01
3.450000000000014388e+00 5.134621970080607278e-01
3.470000000000019291e+00 4.880388442576685804e-01
3.490000000000007319e+00 5.532223119061545624e-01
3.509999999999992681e+00 4.706191447018881480e-01
3.529999999999980709e+00 4.590136134352733044e-01
3.549999999999984723e+00 5.035938787021404517e-01
3.570000000000018492e+00 5.840355935843227764e-01
3.590000000000007851e+00 5.836258118861019639e-01
3.610000000000011422e+00 6.012260144446761601e-01
3.629999999999995897e+00 4.994801296951466574e-01
3.649999999999984812e+00 5.293086268883087087e-01
3.669999999999984386e+00 6.108145507362977567e-01
3.690000000000023928e+00 5.754392522383817710e-01
3.710000000000011955e+00 5.692517933356896487e-01
3.730000000000011973e+00 5.124788734590437489e-01
3.750000000000000000e+00 5.070270222419011041e-01
3.769999999999988027e+00 5.292255373295978726e-01
3.789999999999987601e+00 5.618379559659846256e-01
3.809999999999975184e+00 5.613525103374606973e-01
3.830000000000016946e+00 5.661879326877369278e-01
3.850000000000015632e+00 3.303778024777378164e+01
3.870000000000004103e+00 5.336181017510795987e-01
3.889999999999988134e+00 5.333230373701107752e-01
3.909999999999989928e+00 5.893817135687993147e-01
3.929999999999978400e+00 5.225218611857279649e-01
3.950000000000018385e+00 6.277231889462024927e-01
3.970000000000020179e+00 5.468447305626581434e-01
3.990000000000007319e+00 5.955139619616537372e-01
4.009999999999992681e+00 4.970084867902814230e-01
4.029999999999979821e+00 4.872632623462984647e-01
4.049999999999981171e+00 5.493386928808906555e-01
4.070000000000020712e+00 5.392230361384698911e-01
4.090000000000008740e+00 5.480140067197691867e-01
4.110000000000009202e+00 5.102246810398712862e-01
4.129999999999999893e+00 6.844450624026033880e-01
4.149999999999987921e+00 5.959743108638091424e-01
4.169999999999985718e+00 5.947771385536132493e-01
4.190000000000027036e+00 5.132420704598081862e-01
4.210000000000014175e+00 5.393219556834891737e-01
4.230000000000012861e+00 5.517499211314398355e-01
4.250000000000000000e+00 5.812720158582611596e-01
4.269999999999987139e+00 5.801369173369826937e-01
4.289999999999984936e+00 5.236523042631070490e-01
4.309999999999972076e+00 5.483291208158850294e-01
4.330000000000010729e+00 5.432754321396998654e-01
4.350000000000007638e+00 6.252460356649606199e-01
4.369999999999994778e+00 6.154331782188839917e-01
4.389999999999997904e+00 5.569857111313590847e-01
4.409999999999998366e+00 5.922331182456087584e-01
4.429999999999986393e+00 4.192126578551788607e-01
4.450000000000021494e+00 4.985435140694094991e-01
4.470000000000021068e+00 4.980136295592113016e-01
4.490000000000007319e+00 5.402250005634514629e-01
4.509999999999992681e+00 1.338610699211984567e+01
4.529999999999978932e+00 6.490902570534420324e-01
4.549999999999978506e+00 5.109325302222638143e-01
4.570000000000011831e+00 5.177251606671239292e-01
4.589999999999998970e+00 5.280992669278129492e-01
4.609999999999996767e+00 5.198401976758575405e-01
4.630000000000011440e+00 4.349482446781964273e-01
4.649999999999998579e+00 6.196448057958203748e-01
4.669999999999994600e+00 4.957902021276707205e-01
4.690000000000030589e+00 5.628128723653497145e-01
4.710000000000016840e+00 1.211448430656065778e+00
4.730000000000012861e+00 6.163721646095837725e-01
4.750000000000000000e+00 5.903564859284441413e-01
4.769999999999987139e+00 5.613109164583975907e-01
4.789999999999982272e+00 5.258989957744949484e-01
4.809999999999969411e+00 4.571895219315324499e-01
4.830000000000002736e+00 5.172245342942999313e-01
4.849999999999996980e+00 5.296223574884924012e-01
4.869999999999984119e+00 5.351921813505902126e-01
4.890000000000008562e+00 5.963570294448288234e-01
4.910000000000006359e+00 5.167575351375889303e-01
4.929999999999994387e+00 5.093495551903594043e-01
4.950000000000023270e+00 4.572759147914381983e-01
4.970000000000021068e+00 5.455924625243947501e-01
4.990000000000007319e+00 5.066143438231595075e-01
5.009999999999992681e+00 5.462799973769981721e-01
5.029999999999978932e+00 5.853000218654119680e-01
5.049999999999975842e+00 5.376603411227993679e-01
5.070000000000003837e+00 5.181860508868567639e-01
5.089999999999990976e+00 5.594855616717524516e-01
5.109999999999987885e+00 5.161065498536138163e-01
5.130000000000021210e+00 6.014082309146165928e-01
5.150000000000008349e+00 5.317540173644011992e-01
5.170000000000002593e+00 5.188536987323328908e-01
5.190000000000032365e+00 5.614037823999853405e-01
5.210000000000018616e+00 5.628749350960218223e-01
5.230000000000013749e+00 5.356621720598304659e-01
5.250000000000000000e+00 4.946333499457687966e-01
5.269999999999986251e+00 5.190979930350512195e-01
5.289999999999980496e+00 5.263798625427589251e-01
5.309999999999966747e+00 5.724412787963627514e-01
5.329999999999995630e+00 5.543632194307714922e-01
5.349999999999988987e+00 5.310640932924944879e-01
5.369999999999975238e+00 5.678720466100489750e-01
5.390000000000017444e+00 5.178172077114276961e-01
5.410000000000013465e+00 5.996616452312538703e-01
5.430000000000000604e+00 5.474196071591181934e-01
5.450000000000025935e+00 1.713849386181727041e+01
5.470000000000021956e+00 5.656292934539960404e-01
5.490000000000007319e+00 5.381191588939060466e-01
5.509999999999992681e+00 5.677697951754485661e-01
5.529999999999978044e+00 5.457354251223787145e-01
5.549999999999974065e+00 5.392655824023877553e-01
5.569999999999997620e+00 5.606546079875708299e-01
5.589999999999983871e+00 5.892465679567842063e-01
5.609999999999979892e+00 5.302817726572656154e-01
5.630000000000029203e+00 5.784314385582794982e-01
5.650000000000015454e+00 6.062515787730275996e-01
5.670000000000008811e+00 5.508015446605455390e-01
5.690000000000035030e+00 5.251556380004522850e-01
5.710000000000020393e+00 5.839650983439639287e-01
5.730000000000013749e+00 5.966004852631615618e-01
5.750000000000000000e+00 5.663893155516727118e-01
5.769999999999986251e+00 5.318750967929758433e-01
5.789999999999979607e+00 5.375558038548468032e-01
5.809999999999964970e+00 5.060076450055016606e-01
5.829999999999989413e+00 5.325099449538743812e-01
5.849999999999982769e+00 5.151380639077497436e-01
5.869999999999968132e+00 5.252773032144766319e-01
5.890000000000024549e+00 5.646278299195345296e-01
5.910000000000019682e+00 5.787588009086338525e-01
5.930000000000005933e+00 7.972303365053273083e+00
5.950000000000026823e+00 6.506782178331688149e-01
5.970000000000021956e+00 5.034306957926572013e-01
5.990000000000008207e+00 5.437491327635993743e-01
6.009999999999991793e+00 5.054286483821291975e-01
6.029999999999978044e+00 5.430237153140551332e-01
6.049999999999972289e+00 5.244549852677078405e-01
6.069999999999993179e+00 6.081931669324689427e-01
6.089999999999978542e+00 5.619529294007806763e-01
6.109999999999972786e+00 5.498848588702349716e-01
6.130000000000035421e+00 5.171108199606220257e-01
6.150000000000021672e+00 5.158245538843405642e-01
6.170000000000014140e+00 4.960204850344810956e-01
6.190000000000035918e+00 4.866856706809576383e-01
6.210000000000021281e+00 5.445082907178194764e-01
6.230000000000013749e+00 5.410178649474541857e-01
6.250000000000000000e+00 5.034618816781830652e-01
6.269999999999985363e+00 5.580535303324963836e-01
6.289999999999978719e+00 5.802554684278653507e-01
6.309999999999963194e+00 5.608400978224548084e-01
6.329999999999984084e+00 5.240591295421147544e-01
6.349999999999976552e+00 5.576829481262705057e-01
6.369999999999961915e+00 5.928057841235310210e-01
6.390000000000029878e+00 5.526417553762462687e-01
6.410000000000024123e+00 5.816164836803051630e-01
6.430000000000010374e+00 5.306265959487104222e-01
6.450000000000028599e+00 5.687749280366725113e-01
6.470000000000022844e+00 5.727509230441958366e-01
6.490000000000008207e+00 5.208606786871443628e-01
6.509999999999991793e+00 5.065723982157595007e-01
6.529999999999977156e+00 5.328740535564741032e-01
6.549999999999971401e+00 5.369300017119270629e-01
6.569999999999988738e+00 5.572634757996937083e-01
6.589999999999974101e+00 5.178023446840770427e-01
6.609999999999967457e+00 5.595058376911687947e-01
6.630000000000040750e+00 5.008782947452371515e-01
6.650000000000027001e+00 5.758283216187767284e-01
6.670000000000018581e+00 2.219778699686420964e+01
6.690000000000037694e+00 5.357006162170353525e-01
6.710000000000022169e+00 5.446935770079887051e-01
6.730000000000014637e+00 5.968180171698291847e-01
6.750000000000000000e+00 5.382570819229756109e-01
6.769999999999985363e+00 5.248243791653904866e-01
6.789999999999976943e+00 5.353329431495402746e-01
6.809999999999962306e+00 5.406406801460710287e-01
6.829999999999980531e+00 5.307605596811626469e-01
6.849999999999971223e+00 5.627321498080976037e-01
6.869999999999956586e+00 5.976432219048690708e-01
6.890000000000035207e+00 6.024311142652485351e-01
6.910000000000028564e+00 5.185420295214907549e-01
6.930000000000013927e+00 6.232321815427724898e-01
6.950000000000030376e+00 5.288115955871237617e-01
6.970000000000022844e+00 5.564248524895775150e-01
6.990000000000008207e+00 4.842900804502476841e-01
7.009999999999991793e+00 5.134200440282058464e-01
7.029999999999977156e+00 5.675777501103762557e-01
7.049999999999969624e+00 6.116549275449826295e-01
7.069999999999985185e+00 7.546059880975215073e+00
7.089999999999970548e+00 5.767163237889758598e-01
7.109999999999963016e+00 5.564270560067062776e-01
7.130000000000046079e+00 5.533098257735001857e-01
7.150000000000031442e+00 5.272290774838161997e-01
7.170000000000022133e+00 5.410570229462740022e-01
7.190000000000038582e+00 5.228947876915196469e-01
7.210000000000023057e+00 5.441137143872095683e-01
7.230000000000014637e+00 5.336130042701591192e-01
7.250000000000000000e+00 5.425982310221809657e-01
7.269999999999985363e+00 5.677837473344289343e-01
7.289999999999976055e+00 5.056989704501386740e-01
7.309999999999961418e+00 5.088007331271479083e-01
7.329999999999976978e+00 6.008170875945093581e-01
7.349999999999967670e+00 5.424377857711613071e-01
7.369999999999952145e+00 5.957555376358478760e-01
7.390000000000039648e+00 5.423203939984686528e-01
7.410000000000032117e+00 5.179922044737925724e-01
7.430000000000017479e+00 5.762373735294784582e-01
7.450000000000031264e+00 5.406786815547779401e-01
7.470000000000022844e+00 5.616578157864853260e-01
7.490000000000008207e+00 5.935787092147517541e-01
7.509999999999991793e+00 5.001216421715750649e-01
7.529999999999976268e+00 5.762343263734305276e-01
7.549999999999968736e+00 5.635636561161941893e-01
7.569999999999981632e+00 5.469167925306138711e-01
7.589999999999966107e+00 5.195565667193944304e-01
7.609999999999958575e+00 5.574179258616982491e-01
7.630000000000049631e+00 5.181609536965905427e-01
7.650000000000034994e+00 4.993890237249647979e-01
7.670000000000025686e+00 5.673772311574472038e-01
7.690000000000039471e+00 1.715151189365603557e+01
7.710000000000024833e+00 5.417340091153742820e-01
7.730000000000014637e+00 5.048411854362032658e-01
7.750000000000000000e+00 5.061524670643638979e-01
7.769999999999984475e+00 5.204216720299241761e-01
7.789999999999975167e+00 5.100059233879047360e-01
7.809999999999959641e+00 5.793319964960758073e-01
7.829999999999973426e+00 5.444263256895559566e-01
7.849999999999963229e+00 5.683570522772818379e-01
7.869999999999948592e+00 5.034851340692819699e-01
7.890000000000043201e+00 5.487638934727231410e-01
7.910000000000034781e+00 5.322173278427557719e-01
7.930000000000020144e+00 5.507175834382121993e-01
7.950000000000032152e+00 5.454707517261835337e-01
7.970000000000023732e+00 5.945432406559507665e-01
7.990000000000008207e+00 5.498414890794307563e-01
8.009999999999992681e+00 5.519839569905675702e-01
8.029999999999976268e+00 5.237200896461101651e-01
8.049999999999968736e+00 8.648673842425450786e+00
8.069999999999980744e+00 5.534314284914154669e-01
8.089999999999966107e+00 4.932342543748705066e-01
8.109999999999958575e+00 5.694285611861302776e-01
8.130000000000054072e+00 4.765385305801551619e-01
8.150000000000037659e+00 5.626731893339452784e-01
8.170000000000028351e+00 5.305757337202394730e-01
8.190000000000040359e+00 5.583585306568480400e-01
8.210000000000023945e+00 5.730779104698776605e-01
8.230000000000014637e+00 5.668256233824318091e-01
8.250000000000000000e+00 5.468129336350268099e-01
8.269999999999985363e+00 5.659381836262427079e-01
8.289999999999974278e+00 5.552300564868543065e-01
8.309999999999959641e+00 5.673107662929082196e-01
8.329999999999971649e+00 5.600731377224041907e-01
8.349999999999960565e+00 5.472793745208701655e-01
8.369999999999945928e+00 5.726273891797252213e-01
8.390000000000036096e+00 5.476388551731565801e-01
8.410000000000026787e+00 5.815946268597463886e-01
8.430000000000010374e+00 5.303261005097782421e-01
8.450000000000020606e+00 5.003852512477529046e-01
8.470000000000011298e+00 5.559094264328856561e-01
8.489999999999994884e+00 5.967742031726593899e-01
8.510000000000005116e+00 5.496138531263321525e-01
8.529999999999990479e+00 5.459627045660816469e-01
8.549999999999981171e+00 5.616323794339725950e-01
8.569999999999991402e+00 5.611476928336975867e-01
8.589999999999976765e+00 5.574758495198884889e-01
8.609999999999967457e+00 1.353083515560672545e+01
8.630000000000055849e+00 5.849332164424608793e-01
8.650000000000041211e+00 5.476745485247708212e-01
8.670000000000030127e+00 5.305577627959838782e-01
8.690000000000040359e+00 5.239681780724777527e-01
8.710000000000025722e+00 5.318926715845976316e-01
8.730000000000014637e+00 5.788059620190973975e-01
8.750000000000000000e+00 5.638824553818245766e-01
8.769999999999985363e+00 5.694632618304720229e-01
8.789999999999974278e+00 5.394944400076904234e-01
8.809999999999959641e+00 5.168579920919139647e-01
8.829999999999968097e+00 5.446668857474669112e-01
8.849999999999957012e+00 5.732197880218750097e-01
8.869999999999942375e+00 5.138727123572798261e-01
8.890000000000027214e+00 5.244513955231178137e-01
8.910000000000017906e+00 5.645386973724734192e-01
8.930000000000001492e+00 3.879067377383450310e+00
8.950000000000008171e+00 5.575475127772645534e-01
8.969999999999998863e+00 5.472736369840003334e-01
8.989999999999982450e+00 5.477497193105094198e-01
9.010000000000017550e+00 5.347038152244618647e-01
9.030000000000002913e+00 1.096385402711692825e+00
9.049999999999991829e+00 5.539040071575878077e-01
9.070000000000000284e+00 5.000320385334846573e-01
9.089999999999985647e+00 5.205922292961284725e-01
9.109999999999976339e+00 5.305821871526124056e-01
9.130000000000059401e+00 5.198004857575477811e-01
9.150000000000044764e+00 5.194023383939824212e-01
9.170000000000031903e+00 5.208662799815303446e-01
9.190000000000042135e+00 5.408671923536030324e-01
9.210000000000025722e+00 5.643844735595582307e-01
9.230000000000014637e+00 5.288317862007052561e-01
9.250000000000000000e+00 5.476093159614617845e-01
9.269999999999985363e+00 5.452489346412423554e-01
9.289999999999974278e+00 5.192992693146311067e-01
9.309999999999957865e+00 5.306300621361631498e-01
9.329999999999966320e+00 5.589608939667227716e-01
9.349999999999955236e+00 5.565721758408367359e-01
9.369999999999938822e+00 5.301031400555532569e-01
9.390000000000018332e+00 4.736408357423363413e-01
9.410000000000009024e+00 5.070239683727786328e-01
9.429999999999992610e+00 7.920290494453034569e+00
9.449999999999999289e+00 5.553838021567427674e-01
9.469999999999988205e+00 4.979984771250913211e-01
9.489999999999971791e+00 5.611518609226605614e-01
9.510000000000028209e+00 5.406007877295189168e-01
9.530000000000013571e+00 5.633528542792359817e-01
9.550000000000002487e+00 5.773187326946794817e-01
9.570000000000009166e+00 5.338433467480308003e-01
9.589999999999994529e+00 5.733647256627331101e-01
9.609999999999983444e+00 5.361958207324508674e-01
9.630000000000061178e+00 5.635421207590706194e-01
9.650000000000046541e+00 5.250287505318529391e-01
9.670000000000035456e+00 5.496725063254256360e-01
9.690000000000042135e+00 5.307166170038385422e-01
9.710000000000027498e+00 6.103886721735068299e+00
9.730000000000014637e+00 6.008472332579638531e-01
9.750000000000000000e+00 5.423376917596500757e-01
9.769999999999985363e+00 5.524323003698137224e-01
9.789999999999972502e+00 5.403674781868323951e-01
9.809999999999957865e+00 5.430514119093026171e-01
9.829999999999964544e+00 5.870629318693417753e-01
9.849999999999953459e+00 5.338043735716543337e-01
9.869999999999937046e+00 4.954496622318932952e-01
9.890000000000011227e+00 5.262909679063655366e-01
9.910000000000000142e+00 5.393274413038349202e-01
9.929999999999985505e+00 5.649685014427050511e-01
9.949999999999990408e+00 5.524110958875430022e-01
9.969999999999979323e+00 5.415262995528637990e-01
9.989999999999962910e+00 5.346496278402820268e-01
