# r Si-Si
9.999999999999958575e-03 0.000000000000000000e+00
3.000000000000007522e-02 0.000000000000000000e+00
5.000000000000018319e-02 0.000000000000000000e+00
7.000000000000020095e-02 0.000000000000000000e+00
8.999999999999988565e-02 0.000000000000000000e+00
1.099999999999996397e-01 0.000000000000000000e+00
1.299999999999997824e-01 0.000000000000000000e+00
1.499999999999992728e-01 0.000000000000000000e+00
1.700000000000010392e-01 0.000000000000000000e+00
1.899999999999995859e-01 0.000000000000000000e+00
2.100000000000007139e-01 0.000000000000000000e+00
2.299999999999987887e-01 0.000000000000000000e+00
2.500000000000000000e-01 0.000000000000000000e+00
2.700000000000010170e-01 0.000000000000000000e+00
2.900000000000002576e-01 0.000000000000000000e+00
3.100000000000011080e-01 0.000000000000000000e+00
3.299999999999986278e-01 0.000000000000000000e+00
3.499999999999990896e-01 0.000000000000000000e+00
3.700000000000007172e-01 0.000000000000000000e+00
3.900000000000005129e-01 6.437821196082003927e-02
4.099999999999976996e-01 0.000000000000000000e+00
4.300000000000027134e-01 0.000000000000000000e+00
4.500000000000018985e-01 0.000000000000000000e+00
4.699999999999990852e-01 4.433044046306314212e-02
4.899999999999978262e-01 0.000000000000000000e+00
5.100000000000020073e-01 3.765019981921865350e-02
5.300000000000009148e-01 0.000000000000000000e+00
5.499999999999992673e-01 0.000000000000000000e+00
5.699999999999962874e-01 0.000000000000000000e+00
5.900000000000026334e-01 2.813310603113576558e-02
6.100000000000020961e-01 2.631871725091203956e-02
6.299999999999977840e-01 2.467434996550071577e-02
6.500000000000031308e-01 4.635881340946388512e-02
6.699999999999979305e-01 2.181631715096389937e-02
6.899999999999982814e-01 0.000000000000000000e+00
7.100000000000004086e-01 1.942754293766080914e-02
7.299999999999976508e-01 3.675533642596716388e-02
7.500000000000000000e-01 0.000000000000000000e+00
7.700000000000027933e-01 1.651799861643704626e-02
7.899999999999988143e-01 3.138455024451855535e-02
8.100000000000018296e-01 2.985390768026632835e-02
8.300000000000040679e-01 2.843256816229749323e-02
8.499999999999963141e-01 5.422073434013326837e-02
8.700000000000028821e-01 3.881744223038346292e-02
8.899999999999942402e-01 2.472834197855426630e-02
9.099999999999971445e-01 3.548005466782903905e-02
9.300000000000049338e-01 6.794099569658908211e-02
9.499999999999956257e-01 2.170351302919058117e-02
9.699999999999989742e-01 2.081778088346197125e-02
9.900000000000033218e-01 0.000000000000000000e+00
1.009999999999996456e+00 3.840310539657323941e-02
1.030000000000000249e+00 8.308405914611780019e-02
1.050000000000004929e+00 4.441621710442354015e-02
1.069999999999994955e+00 7.698845448068683539e-02
1.090000000000000524e+00 3.297297266178694092e-02
1.110000000000007203e+00 3.974436741007207619e-02
1.129999999999996785e+00 3.067997905285397425e-02
1.150000000000000577e+00 4.443323309645853120e-02
1.169999999999997708e+00 4.292716850918223276e-02
1.189999999999998170e+00 2.074819880819946810e-02
1.209999999999998632e+00 4.682531453702473700e-02
1.229999999999999760e+00 3.884138883262298197e-02
1.250000000000000000e+00 1.002891575694792176e-01
1.269999999999999574e+00 6.072211279432546127e-02
1.290000000000002700e+00 5.885388979031770662e-02
1.310000000000001830e+00 7.989880800731390120e-02
1.330000000000000293e+00 3.322026374340641269e-02
1.350000000000002975e+00 7.523429350077812106e-02
1.370000000000003437e+00 6.783561966433494794e-02
1.389999999999991465e+00 9.631186647564793368e-02
1.410000000000005249e+00 8.374650777305514548e-02
1.430000000000005489e+00 8.142036756888687554e-02
1.449999999999993294e+00 8.850626273692810408e-02
1.470000000000007967e+00 9.517901751053288451e-02
1.490000000000005320e+00 5.734922935648540526e-02
1.509999999999994680e+00 9.449867707388498461e-02
1.529999999999991145e+00 1.213311303509461703e-01
1.550000000000006928e+00 9.783744693573978579e-02
1.569999999999994289e+00 8.741395989833407321e-02
1.589999999999992530e+00 1.472132542691435564e-01
1.610000000000009202e+00 1.700272256122780101e-01
1.629999999999996341e+00 1.290181108373234242e-01
1.649999999999993472e+00 1.654809164491692353e-01
1.670000000000003038e+00 1.545175576459816014e-01
1.689999999999997948e+00 2.503269879488621008e-01
1.709999999999993081e+00 2.411563024488296847e-01
1.730000000000005089e+00 2.716091151301084361e-01
1.750000000000000000e+00 2.878226560257990396e-01
1.769999999999994689e+00 3.501306746774947576e-01
1.790000000000007585e+00 4.034843019367902461e-01
1.810000000000002052e+00 3.946168759856341635e-01
1.829999999999995852e+00 5.234917240381371517e-01
1.850000000000008304e+00 7.011027801078105748e-01
1.870000000000003659e+00 7.926151590644963107e-01
1.889999999999990132e+00 8.006053389351002192e-01
1.910000000000010356e+00 8.993679269341036120e-01
1.930000000000005933e+00 1.064877890902912405e+00
1.949999999999992184e+00 1.074054494067893994e+00
1.970000000000013074e+00 1.223964572987193966e+00
1.990000000000006208e+00 1.320671299904237816e+00
2.009999999999993570e+00 1.456941336860974490e+00
2.029999999999986926e+00 1.551961287743358398e+00
2.050000000000006484e+00 1.626700301831031981e+00
2.069999999999995843e+00 1.629704076644417521e+00
2.089999999999990976e+00 1.939471993159879393e+00
2.110000000000010090e+00 1.825884162596377758e+00
2.129999999999996341e+00 1.936392254475080454e+00
2.149999999999989697e+00 2.004353765483327887e+00
2.170000000000001705e+00 2.042453779484221688e+00
2.190000000000003055e+00 2.023697978612478021e+00
2.209999999999995524e+00 2.083489555331278886e+00
2.230000000000007976e+00 1.912361026134119957e+00
2.250000000000000000e+00 2.027480464588624187e+00
2.269999999999992024e+00 2.083144142433724255e+00
2.290000000000003144e+00 1.975946738156639348e+00
2.309999999999994280e+00 1.870297971174977203e+00
2.330000000000001403e+00 1.840131901766862255e+00
2.350000000000011191e+00 3.493744742730949149e+00
2.370000000000003659e+00 1.637305099262005736e+00
2.389999999999989466e+00 1.646024094988528752e+00
2.410000000000003695e+00 1.554739508716654228e+00
2.429999999999995719e+00 1.408172902439856378e+00
2.450000000000001954e+00 1.355906475334912820e+00
2.470000000000015739e+00 1.223269037822401151e+00
2.490000000000006430e+00 1.157887157438921122e+00
2.509999999999993125e+00 1.081988862324977152e+00
2.529999999999983817e+00 9.150001630737826241e-01
2.549999999999996270e+00 8.148505619837810299e-01
2.570000000000006501e+00 7.176954859214486060e-01
2.589999999999998526e+00 7.124943540275568976e-01
2.610000000000010978e+00 5.851599052249721877e-01
2.629999999999996341e+00 5.890376193009393413e-01
2.649999999999987477e+00 4.895269415861475681e-01
2.669999999999993712e+00 4.258929312035775183e-01
2.690000000000012381e+00 3.532622560878566076e-01
2.710000000000003073e+00 3.800735073161207733e-01
2.730000000000009752e+00 3.153895479784404321e-01
2.750000000000000000e+00 2.810319671867115288e-01
2.769999999999990248e+00 2.450773046497773111e-01
2.789999999999996039e+00 2.315105827564160612e-01
2.809999999999985842e+00 2.096213544889986846e-01
2.830000000000008509e+00 1.871026952675533817e-01
2.850000000000013411e+00 1.688106432906228693e-01
2.870000000000003659e+00 1.736003499312870069e-01
2.889999999999989022e+00 1.442351080157936449e-01
2.909999999999997478e+00 1.445724753335940194e-01
2.929999999999988169e+00 1.380421563595568557e-01
2.950000000000009059e+00 1.429293165301522839e-01
2.970000000000017515e+00 1.343489021800085004e-01
2.990000000000006875e+00 1.325576102000362022e-01
3.009999999999992681e+00 1.621511232666831004e-01
3.029999999999982041e+00 1.258805016480660510e-01
3.049999999999989608e+00 1.537145267626753575e-01
3.070000000000013607e+00 1.527574286297687378e-01
3.090000000000003855e+00 1.466833614690942755e-01
3.110000000000011422e+00 1.559415108212379442e-01
3.129999999999995897e+00 1.739491804704797751e-01
3.149999999999985700e+00 1.796437502816175813e-01
3.169999999999988383e+00 2.144203532899694453e-01
3.190000000000019043e+00 2.011531272924176883e-01
3.210000000000007958e+00 2.281198426955022562e-01
3.230000000000011084e+00 2.609766518530795554e-01
3.250000000000000000e+00 2.447930738798295425e-01
3.269999999999988916e+00 3.105032358845496443e-01
3.289999999999991154e+00 3.456475803656844925e-01
3.309999999999979625e+00 3.727709303321406487e-01
3.330000000000013394e+00 3.992196906342359020e-01
3.350000000000014744e+00 4.442118806481409332e-01
3.370000000000004103e+00 4.475788673086162905e-01
3.389999999999988578e+00 4.857776068610217268e-01
3.409999999999993481e+00 5.516893350607008362e-01
3.429999999999982396e+00 5.877308967008221252e-01
3.450000000000014388e+00 6.303077610707904510e-01
3.470000000000019291e+00 6.791873915919240945e-01
3.490000000000007319e+00 7.462068393152778700e-01
3.509999999999992681e+00 8.124539964279223758e-01
3.529999999999980709e+00 7.985579302230112475e-01
3.549999999999984723e+00 8.898379492499252086e-01
3.570000000000018492e+00 9.744172798222643372e-01
3.590000000000007851e+00 9.673901803789169973e-01
3.610000000000011422e+00 1.025090354628172440e+00
3.629999999999995897e+00 1.058422179592094281e+00
3.649999999999984812e+00 1.114488719948162787e+00
3.669999999999984386e+00 1.124916797606015262e+00
3.690000000000023928e+00 1.183966261480471793e+00
3.710000000000011955e+00 1.227449179380077027e+00
3.730000000000011973e+00 1.226992687416366357e+00
3.750000000000000000e+00 1.219511423002155759e+00
3.769999999999988027e+00 1.283096289723580696e+00
3.789999999999987601e+00 1.290727245926709399e+00
3.809999999999975184e+00 1.290031249717812800e+00
3.830000000000016946e+00 1.311980292136087689e+00
3.850000000000015632e+00 2.296125727220282631e+00
3.870000000000004103e+00 1.326197929351945248e+00
3.889999999999988134e+00 1.372789031871365140e+00
3.909999999999989928e+00 1.309452415798501912e+00
3.929999999999978400e+00 1.347523003664649499e+00
3.950000000000018385e+00 1.321985035920701490e+00
3.970000000000020179e+00 1.333555445213029156e+00
3.990000000000007319e+00 1.328832807683026029e+00
4.009999999999992681e+00 1.323528727690295836e+00
4.029999999999979821e+00 1.323088610875962967e+00
4.049999999999981171e+00 1.274824031848588390e+00
4.070000000000020712e+00 1.338597537080587374e+00
4.090000000000008740e+00 1.323781697856197814e+00
4.110000000000009202e+00 1.339339787729663778e+00
4.129999999999999893e+00 1.305154049363353996e+00
4.149999999999987921e+00 1.296585332795310075e+00
4.169999999999985718e+00 1.354582403618789899e+00
4.190000000000027036e+00 1.362880845797077800e+00
4.210000000000014175e+00 1.323991194485285794e+00
4.230000000000012861e+00 1.305479724105637507e+00
4.250000000000000000e+00 1.344191536672232345e+00
4.269999999999987139e+00 1.325720288877476838e+00
4.289999999999984936e+00 1.325627936909957727e+00
4.309999999999972076e+00 1.289100673456578638e+00
4.330000000000010729e+00 1.285055349099673005e+00
4.350000000000007638e+00 1.372642786906850265e+00
4.369999999999994778e+00 1.381647485101395123e+00
4.389999999999997904e+00 1.294890138652102562e+00
4.409999999999998366e+00 1.310869733667793025e+00
4.429999999999986393e+00 1.334493627505653812e+00
4.450000000000021494e+00 1.251304653368659370e+00
4.470000000000021068e+00 1.296502017897747994e+00
4.490000000000007319e+00 1.315098090400415920e+00
4.509999999999992681e+00 1.285644088811513486e+00
4.529999999999978932e+00 1.252362378314877400e+00
4.549999999999978506e+00 1.252730870396813190e+00
4.570000000000011831e+00 1.261017171226353817e+00
4.589999999999998970e+00 1.272830803563689939e+00
4.609999999999996767e+00 1.233698767002011865e+00
4.630000000000011440e+00 1.265096312514630617e+00
4.649999999999998579e+00 1.302703553705247819e+00
4.669999999999994600e+00 1.289323976728753207e+00
4.690000000000030589e+00 1.284139496757648935e+00
4.710000000000016840e+00 1.280320863302690126e+00
4.730000000000012861e+00 1.304975442259353580e+00
4.750000000000000000e+00 1.368672058920867851e+00
4.769999999999987139e+00 1.368410585445741789e+00
4.789999999999982272e+00 1.382192328180044782e+00
4.809999999999969411e+00 1.463429793812320190e+00
4.830000000000002736e+00 1.537399549176723390e+00
4.849999999999996980e+00 1.509340444886623001e+00
4.869999999999984119e+00 1.470539627923955539e+00
4.890000000000008562e+00 1.523249857489916925e+00
4.910000000000006359e+00 1.519803411123994197e+00
4.929999999999994387e+00 1.503467713936102790e+00
4.950000000000023270e+00 1.391014146393535711e+00
4.970000000000021068e+00 1.319175961350766979e+00
4.990000000000007319e+00 1.291709243101906157e+00
5.009999999999992681e+00 1.241616394038290272e+00
5.029999999999978932e+00 1.222084767876393530e+00
5.049999999999975842e+00 1.162114423026851417e+00
5.070000000000003837e+00 1.097335166583930599e+00
5.089999999999990976e+00 1.047901335779798604e+00
5.109999999999987885e+00 1.007457989031110612e+00
5.130000000000021210e+00 9.248140184547166687e-01
5.150000000000008349e+00 9.294617095181945121e-01
5.170000000000002593e+00 9.127574601286999600e-01
5.190000000000032365e+00 8.671943141346906136e-01
5.210000000000018616e+00 8.738994184631850848e-01
5.230000000000013749e+00 8.586349522723757399e-01
5.250000000000000000e+00 8.236782364757858632e-01
5.269999999999986251e+00 8.237859454686676797e-01
5.289999999999980496e+00 8.175687226727951229e-01
5.309999999999966747e+00 8.055165810247353342e-01
5.329999999999995630e+00 7.967247513087736266e-01
5.349999999999988987e+00 7.729856873374635340e-01
5.369999999999975238e+00 8.416189781696746808e-01
5.390000000000017444e+00 8.333620686605792693e-01
5.410000000000013465e+00 8.104801923828650612e-01
5.430000000000000604e+00 8.118285921704391228e-01
5.450000000000025935e+00 8.246762572803795210e-01
5.470000000000021956e+00 8.183294176128410591e-01
5.490000000000007319e+00 8.533218063136456255e-01
5.509999999999992681e+00 8.358474655111269858e-01
5.529999999999978044e+00 8.560744080704926207e-01
5.549999999999974065e+00 8.499156260386685480e-01
5.569999999999997620e+00 8.261447686393423862e-01
5.589999999999983871e+00 8.559746686648824765e-01
5.609999999999979892e+00 8.626414752382276507e-01
5.630000000000029203e+00 8.889675473996614397e-01
5.650000000000015454e+00 8.691855883927072091e-01
5.670000000000008811e+00 8.545344760911676163e-01
5.690000000000035030e+00 8.685033621539718363e-01
5.710000000000020393e+00 8.852598481582621970e-01
5.730000000000013749e+00 8.966905293505300634e-01
5.750000000000000000e+00 9.055712016953253451e-01
5.769999999999986251e+00 8.651795684005205711e-01
5.789999999999979607e+00 8.852141770000984122e-01
5.809999999999964970e+00 8.744879828248764975e-01
5.829999999999989413e+00 8.774311592989977315e-01
5.849999999999982769e+00 9.083601193573316301e-01
5.869999999999968132e+00 8.672191840407823538e-01
5.890000000000024549e+00 8.681152885012856091e-01
5.910000000000019682e+00 8.653341374050599333e-01
5.930000000000005933e+00 8.865232535971400152e-01
5.950000000000026823e+00 8.706140950344328777e-01
5.970000000000021956e+00 8.576458523847604321e-01
5.990000000000008207e+00 9.018810916922354037e-01
6.009999999999991793e+00 8.956173957114653694e-01
6.029999999999978044e+00 8.640972612735569047e-01
6.049999999999972289e+00 8.760538886563662420e-01
6.069999999999993179e+00 8.559361877283885311e-01
6.089999999999978542e+00 8.740903178179423305e-01
6.109999999999972786e+00 8.909393992000577134e-01
6.130000000000035421e+00 8.736670708205641622e-01
6.150000000000021672e+00 8.690297202991196235e-01
6.170000000000014140e+00 8.616040479151870768e-01
6.190000000000035918e+00 8.890193081031377842e-01
6.210000000000021281e+00 8.693338988465912909e-01
6.230000000000013749e+00 8.559387117079128027e-01
6.250000000000000000e+00 8.930932383155800736e-01
6.269999999999985363e+00 9.103248213548863488e-01
6.289999999999978719e+00 8.822655671829794377e-01
6.309999999999963194e+00 8.970981740168851859e-01
6.329999999999984084e+00 8.916826980268827141e-01
6.349999999999976552e+00 8.819454636962051897e-01
6.369999999999961915e+00 8.616924467919404584e-01
6.390000000000029878e+00 9.196304210557845193e-01
6.410000000000024123e+00 8.788606456267563649e-01
6.430000000000010374e+00 8.712699195979287659e-01
6.450000000000028599e+00 8.745856198908278367e-01
6.470000000000022844e+00 9.096632307172548559e-01
6.490000000000008207e+00 8.808126119941535048e-01
6.509999999999991793e+00 8.772576750123259881e-01
6.529999999999977156e+00 8.854437398535359716e-01
6.549999999999971401e+00 9.017319331471574939e-01
6.569999999999988738e+00 8.735604160540796359e-01
6.589999999999974101e+00 8.919461120320222314e-01
6.609999999999967457e+00 8.690721685611638714e-01
6.630000000000040750e+00 8.763142051748309402e-01
6.650000000000027001e+00 8.836750012534293486e-01
6.670000000000018581e+00 8.891707164425455279e-01
6.690000000000037694e+00 8.639485428206103990e-01
6.710000000000022169e+00 8.538028313723444729e-01
6.730000000000014637e+00 8.608451182438734417e-01
6.750000000000000000e+00 8.391995398671312500e-01
6.769999999999985363e+00 8.398044829478762408e-01
6.789999999999976943e+00 8.429369517529284872e-01
6.809999999999962306e+00 8.496083813389234685e-01
6.829999999999980531e+00 8.545077048664287966e-01
6.849999999999971223e+00 8.376276399035216258e-01
6.869999999999956586e+00 8.483213510927456458e-01
6.890000000000035207e+00 8.384520713609472375e-01
6.910000000000028564e+00 8.530918911312794783e-01
6.930000000000013927e+00 8.212552339897725151e-01
6.950000000000030376e+00 8.544524784525087124e-01
6.970000000000022844e+00 8.255651344002968850e-01
6.990000000000008207e+00 8.597351635145358273e-01
7.009999999999991793e+00 8.612142896917214241e-01
7.029999999999977156e+00 8.561228632949825501e-01
7.049999999999969624e+00 8.857567330266410410e-01
7.069999999999985185e+00 8.697798040000235265e-01
7.089999999999970548e+00 8.713092567514527653e-01
7.109999999999963016e+00 8.652518217708743409e-01
7.130000000000046079e+00 8.835232802915280459e-01
7.150000000000031442e+00 8.793537302509857323e-01
7.170000000000022133e+00 9.154151391749475453e-01
7.190000000000038582e+00 8.989622346363265182e-01
7.210000000000023057e+00 9.194165256958368726e-01
7.230000000000014637e+00 9.371953115727980066e-01
7.250000000000000000e+00 9.570001766929667752e-01
7.269999999999985363e+00 9.461827068830267473e-01
7.289999999999976055e+00 9.843069246261610949e-01
7.309999999999961418e+00 1.003305192052598604e+00
7.329999999999976978e+00 9.971084554435591940e-01
7.349999999999967670e+00 9.788173814767723302e-01
7.369999999999952145e+00 1.022737714730790781e+00
7.390000000000039648e+00 1.049669730844257076e+00
7.410000000000032117e+00 1.042049055969663796e+00
7.430000000000017479e+00 1.053123475760769034e+00
7.450000000000031264e+00 1.066358117700886954e+00
7.470000000000022844e+00 1.067500886129190363e+00
7.490000000000008207e+00 1.091835661008546454e+00
7.509999999999991793e+00 1.110165853612112841e+00
7.529999999999976268e+00 1.089075967561291547e+00
7.549999999999968736e+00 1.110804584387560912e+00
7.569999999999981632e+00 1.120666690194762172e+00
7.589999999999966107e+00 1.127859379455648181e+00
7.609999999999958575e+00 1.118725600599253855e+00
7.630000000000049631e+00 1.139954098132501592e+00
7.650000000000034994e+00 1.167305107400010700e+00
7.670000000000025686e+00 1.152734726682556721e+00
7.690000000000039471e+00 1.154033747344489935e+00
7.710000000000024833e+00 1.162058992180881933e+00
7.730000000000014637e+00 1.170969295050726666e+00
7.750000000000000000e+00 1.206840982198248424e+00
7.769999999999984475e+00 1.173868833793182409e+00
7.789999999999975167e+00 1.169947132480672281e+00
7.809999999999959641e+00 1.166050154810005290e+00
7.829999999999973426e+00 1.203552798634131005e+00
7.849999999999963229e+00 1.164369061796246108e+00
7.869999999999948592e+00 1.148970786478456629e+00
7.890000000000043201e+00 1.187048043650141382e+00
7.910000000000034781e+00 1.155381204943344065e+00
7.930000000000020144e+00 1.176816193568759772e+00
7.950000000000032152e+00 1.164394098997311389e+00
7.970000000000023732e+00 1.176597372781523543e+00
7.990000000000008207e+00 1.151077202166007840e+00
8.009999999999992681e+00 1.140909318182382837e+00
8.029999999999976268e+00 1.163029212998919038e+00
8.049999999999968736e+00 1.146526628139233228e+00
8.069999999999980744e+00 1.154836940050430139e+00
8.089999999999966107e+00 1.150929808979709756e+00
8.109999999999958575e+00 1.161938039470545192e+00
8.130000000000054072e+00 1.152523846658097151e+00
8.150000000000037659e+00 1.165158160932082687e+00
8.170000000000028351e+00 1.143026815730275647e+00
8.190000000000040359e+00 1.142123542572662576e+00
8.210000000000023945e+00 1.171583973660907052e+00
8.230000000000014637e+00 1.128156508579013062e+00
8.250000000000000000e+00 1.154494780672059351e+00
8.269999999999985363e+00 1.137604486519958602e+00
8.289999999999974278e+00 1.146800889258140721e+00
8.309999999999959641e+00 1.146251403294819449e+00
8.329999999999971649e+00 1.133696432002607279e+00
8.349999999999960565e+00 1.117736648630019758e+00
8.369999999999945928e+00 1.113519813187622276e+00
8.390000000000036096e+00 1.133261807770673535e+00
8.410000000000026787e+00 1.108076239078976233e+00
8.430000000000010374e+00 1.085459554993507769e+00
8.450000000000020606e+00 1.077309693887018360e+00
8.470000000000011298e+00 1.090248693392195545e+00
8.489999999999994884e+00 1.075606692239245321e+00
8.510000000000005116e+00 1.091519047387458308e+00
8.529999999999990479e+00 1.082233763488977152e+00
8.549999999999981171e+00 1.071683540814012847e+00
8.569999999999991402e+00 1.078955794372016719e+00
8.589999999999976765e+00 1.081635880413710282e+00
8.609999999999967457e+00 1.482346219788971853e+00
8.630000000000055849e+00 1.096223761750076742e+00
8.650000000000041211e+00 1.077939748351213645e+00
8.670000000000030127e+00 1.035447578816229175e+00
8.690000000000040359e+00 1.061554340971098354e+00
8.710000000000025722e+00 1.038352611057020702e+00
8.730000000000014637e+00 1.037198694373030250e+00
8.750000000000000000e+00 1.028624960010262601e+00
8.769999999999985363e+00 1.025084807185889346e+00
8.789999999999974278e+00 1.039946519225353638e+00
8.809999999999959641e+00 1.029047100954482818e+00
8.829999999999968097e+00 1.024013942023373591e+00
8.849999999999957012e+00 9.985078550075615622e-01
8.869999999999942375e+00 9.984915275721278904e-01
8.890000000000027214e+00 1.001191593674684910e+00
8.910000000000017906e+00 1.002006840047909186e+00
8.930000000000001492e+00 9.885579192173016283e-01
8.950000000000008171e+00 9.862232978204852341e-01
8.969999999999998863e+00 9.689275245535234893e-01
8.989999999999982450e+00 9.661965734652002702e-01
9.010000000000017550e+00 9.983470376765399834e-01
9.030000000000002913e+00 9.749518310485132400e-01
9.049999999999991829e+00 9.533080192271812248e-01
9.070000000000000284e+00 9.624426189296862999e-01
9.089999999999985647e+00 9.635460455255505652e-01
9.109999999999976339e+00 9.714752145552273399e-01
9.130000000000059401e+00 9.568840768556696741e-01
9.150000000000044764e+00 9.539923580186802088e-01
9.170000000000031903e+00 9.741783465486414384e-01
9.190000000000042135e+00 9.719142236525588618e-01
9.210000000000025722e+00 9.622709088881655770e-01
9.230000000000014637e+00 9.585650942046678447e-01
9.250000000000000000e+00 9.745705928294071674e-01
9.269999999999985363e+00 9.584026528842410908e-01
9.289999999999974278e+00 9.968367092787842054e-01
9.309999999999957865e+00 9.683772641624586175e-01
9.329999999999966320e+00 9.914580107960470068e-01
9.349999999999955236e+00 9.649267613762363416e-01
9.369999999999938822e+00 9.602541728952477262e-01
9.390000000000018332e+00 9.708304184774927403e-01
9.410000000000009024e+00 9.816399911231272757e-01
9.429999999999992610e+00 9.911376982921183965e-01
9.449999999999999289e+00 9.989011986657995168e-01
9.469999999999988205e+00 9.867140879002638254e-01
9.489999999999971791e+00 9.733157277631414583e-01
9.510000000000028209e+00 9.739910827001789784e-01
9.530000000000013571e+00 9.734659677600799865e-01
9.550000000000002487e+00 9.916222428762413443e-01
9.570000000000009166e+00 9.798891398742431980e-01
9.589999999999994529e+00 9.725049544487543995e-01
9.609999999999983444e+00 9.746122611810158487e-01
9.630000000000061178e+00 9.836640391210619283e-01
9.650000000000046541e+00 9.643406677937831351e-01
9.670000000000035456e+00 9.466349299102918557e-01
9.690000000000042135e+00 9.328220726936584661e-01
9.710000000000027498e+00 1.271885449641324328e+00
9.730000000000014637e+00 9.359271555242411056e-01
9.750000000000000000e+00 9.147827441363869383e-01
9.769999999999985363e+00 9.033458344085889546e-01
9.789999999999972502e+00 8.819802768968483253e-01
9.809999999999957865e+00 8.946710948453324708e-01
9.829999999999964544e+00 9.005618352311992592e-01
9.849999999999953459e+00 8.725803716250705167e-01
9.869999999999937046e+00 8.746777722032214042e-01
9.890000000000011227e+00 8.586272925793544397e-01
9.910000000000000142e+00 8.589547433339353999e-01
9.929999999999985505e+00 8.461615091052063775e-01
9.949999999999990408e+00 8.593830927605802250e-01
9.969999999999979323e+00 8.451002676974029848e-01
9.989999999999962910e+00 8.516316942727555350e-01
