-4.902044800000000180e+01
-5.003192500000000109e+01
-4.899972199999999845e+01
2.575833200000000033e+03
-5.208944799999999731e+01
-5.217522400000000005e+01
-4.625013700000000227e+01
3.770058499999999668e+01
9.241956800000000527e+00
-5.190004100000000165e+01
-1.347621700000000011e+01
-1.783400200000000169e+01
-5.149019400000000246e+01
-5.083240700000000345e+01
-2.029865900000000067e+01
-5.218931200000000104e+01
-2.047344500000000167e+01
-5.225014900000000040e+01
-5.106883799999999951e+01
-4.712489500000000220e+01
-4.799715299999999729e+01
-1.551190500000000050e+01
-4.901884400000000142e+01
3.156391700000000128e+03
-7.599727800000000144e+00
-1.494524499999999989e+01
-5.216735299999999853e+01
-1.884371399999999852e+01
-4.976177100000000308e+01
5.298235399999999800e+02
-4.934448299999999676e+01
-4.964183700000000243e+01
-1.811432599999999837e+01
-9.955232099999999917e+00
-5.252535999999999916e+01
-4.906567799999999835e+01
-1.731780499999999989e+01
-4.865630600000000072e+01
-5.156909199999999771e+01
4.867583499999999930e+01
-1.118276600000000087e+01
-5.215458199999999778e+01
-5.215279699999999963e+01
2.219449900000000071e+03
-1.869602499999999878e+01
1.559202900000000000e+03
-1.714930899999999880e+01
-1.392625999999999920e+01
-4.971504699999999843e+01
-4.950720299999999696e+01
-5.225744199999999751e+01
-5.003300899999999984e+01
-1.866670399999999930e+01
-5.172225000000000250e+01
6.773287299999999789e+01
-2.002630699999999919e+01
-5.219838399999999723e+01
-5.189554199999999895e+01
-1.049165299999999945e+01
-5.043631700000000251e+01
-4.988598199999999849e+01
-4.836579299999999648e+01
-5.277392700000000048e+01
-5.105669799999999725e+01
-5.123623800000000017e+01
-5.205644099999999952e+01
-5.223133299999999934e+01
-1.548244099999999968e+01
-5.195947900000000175e+01
-4.972862400000000349e+01
-1.454763600000000068e+01
2.695338300000000163e+04
-1.635244900000000001e+01
-1.170845399999999970e+01
-4.944036799999999943e+01
1.604048600000000079e+04
-4.133241199999999615e+00
-5.203152200000000249e+01
-1.371364999999999945e+01
2.043921499999999924e+03
-1.298794400000000060e+01
-5.197769900000000121e+01
-5.014490399999999681e+01
-5.185075199999999995e+01
-4.911460499999999740e+01
8.230378699999999299e+03
-5.180762599999999907e+01
-5.076347100000000268e+01
-5.202960900000000066e+01
-5.137217100000000158e+01
2.062140400000000227e+03
-5.209051699999999840e+01
-5.223206499999999863e+01
-1.849674500000000066e+01
-4.946454899999999810e+01
-4.909170600000000206e+01
5.521665000000000418e+02
-1.773602100000000092e+01
-4.996184000000000225e+01
-4.952858200000000011e+01
-5.328820100000000082e+01
-5.194266900000000220e+01
-1.778655099999999933e+01
-1.106772999999999918e+01
-4.973912700000000342e+01
-5.194453399999999732e+01
-1.873789000000000016e+01
-4.900836600000000232e+01
-5.047521700000000067e+01
-5.191769599999999940e+01
-1.344543799999999933e+01
-5.098688599999999838e+01
-4.968584100000000348e+01
-1.618612900000000110e+01
-1.746932299999999927e+01
-1.889500500000000116e+01
-5.046106799999999737e+01
-4.649486199999999769e+01
-5.179457699999999676e+01
-1.769698100000000096e+01
4.362420099999999934e+01
-1.681150999999999840e+01
-5.103203400000000300e+01
2.213579999999999970e+01
-1.682695999999999970e+01
1.908997499999999945e+03
-4.920494599999999963e+01
-1.239342300000000030e+01
-1.859204700000000088e+01
-5.209212899999999991e+01
-4.819063299999999828e+01
1.646298900000000003e+03
7.966996399999999994e+03
-5.199078000000000088e+01
-5.211563300000000254e+01
3.179290100000000166e+03
-4.940913499999999914e+01
-5.101792799999999772e+01
-4.718533800000000156e+01
-1.213629000000000069e+01
-5.205268099999999976e+01
-5.149498400000000231e+01
-4.975863700000000023e+01
-5.211500800000000311e+01
-1.878175200000000089e+01
-5.223246999999999929e+01
4.352804000000000087e+04
-8.018769199999999486e+00
-1.852498500000000092e+01
-5.215964199999999806e+01
-7.265882000000000396e+00
-5.077559099999999859e+01
-4.655348299999999995e+01
-4.966947700000000054e+01
-5.229215200000000152e+01
-1.566771999999999920e+01
-5.133136900000000225e+01
1.897275000000000091e+03
-1.815595300000000023e+01
-5.095722700000000316e+01
-1.816183799999999948e+01
-5.066879800000000245e+01
-5.094214900000000057e+01
-5.149001200000000011e+01
2.415963700000000074e+02
-4.908092099999999647e+01
-1.774025999999999925e+01
-5.112237900000000224e+01
-5.195136399999999810e+01
-5.215688800000000214e+01
-1.015162600000000026e+01
-2.336467299999999980e+01
-4.989447599999999738e+01
7.091247099999999648e+01
-5.018553599999999904e+01
-1.838366100000000003e+01
-1.115546600000000055e+01
2.390583200000000033e+03
1.061385600000000068e+03
-5.172584100000000262e+01
1.822132100000000037e+03
-1.809073899999999924e+01
-1.493398099999999928e+01
1.333293599999999969e+03
2.829504300000000057e+03
-5.170525099999999696e+01
-5.072509900000000016e+01
-2.758398300000000081e-01
-1.196451799999999999e+01
1.621652499999999918e+03
-1.530562800000000045e+01
-1.518099499999999935e+01
-4.752054900000000259e+01
-1.826111099999999965e+01
-1.640864099999999937e+01
-5.164145899999999756e+01
1.361931500000000051e+04
-4.596075299999999686e+01
6.049928600000000188e+03
-5.208251099999999667e+01
3.168828299999999931e+00
-5.214658899999999875e+01
-5.167590200000000067e+01
-5.109360199999999708e+01
-1.351842599999999983e+01
-5.311500900000000058e+01
-4.993745299999999787e+01
-5.096024500000000046e+01
-5.203893800000000169e+01
-1.325489199999999990e+01
-4.734794800000000237e+01
-4.922155399999999759e+01
-1.614905200000000107e+01
-5.015935799999999745e+01
-4.692298799999999659e+01
-5.233815200000000090e+01
1.873755599999999959e+03
-5.013569999999999993e+01
-5.970232000000000205e+00
1.776983500000000049e+03
4.678186899999999696e+03
-1.758182299999999998e+01
-2.202004099999999909e+01
-5.214136299999999835e+01
-1.721707299999999918e+01
-1.521549899999999944e+01
-6.476191000000000031e+00
1.112169800000000031e+01
-5.035335200000000100e+01
-5.022537799999999919e+01
-5.011972899999999953e+01
-5.172945699999999647e+01
-1.115204800000000063e+01
-4.938177400000000006e+01
-5.071687500000000171e+01
-1.261962199999999967e+01
-5.047659500000000321e+01
-5.203099300000000227e+01
-5.110817999999999728e+01
-5.223711800000000238e+01
-1.760205300000000150e+01
-5.018633299999999764e+01
-5.194677999999999685e+01
6.597005500000000211e+03
-4.897022400000000175e+01
2.743062800000000152e+02
1.426149799999999914e+03
7.387898299999999836e+03
-1.860663600000000173e+01
-5.110987599999999986e+01
-1.787741099999999861e+01
-1.010979200000000056e+01
-5.133658499999999947e+01
-4.917219000000000051e+01
-5.176169500000000312e+01
-1.693129599999999968e+01
