-3.460191900000000231e+01
-3.461792100000000261e+01
-3.457303399999999982e+01
-3.457430599999999998e+01
-3.463918400000000020e+01
-3.456763899999999978e+01
-3.451160800000000251e+01
-3.459922000000000253e+01
-3.460381000000000284e+01
-3.458908900000000131e+01
-3.457416400000000323e+01
-3.455923099999999692e+01
-3.460978000000000065e+01
-3.462366099999999847e+01
-3.463788799999999668e+01
-3.451876000000000033e+01
-3.467213999999999885e+01
-3.458562599999999776e+01
-3.460004800000000103e+01
-3.463082599999999900e+01
-3.461743400000000292e+01
-3.464407800000000037e+01
-3.460097199999999873e+01
-3.455266000000000304e+01
-3.458620599999999712e+01
-3.464026100000000241e+01
-3.465669400000000167e+01
-3.459827299999999894e+01
-3.462794900000000098e+01
-3.451800999999999675e+01
-3.463329900000000094e+01
-3.461363999999999663e+01
-3.460327300000000150e+01
-3.466358699999999970e+01
-3.461409199999999942e+01
-3.458489500000000305e+01
-3.458738999999999919e+01
-3.457565499999999759e+01
-3.458758900000000125e+01
-3.461447600000000335e+01
-3.459832300000000060e+01
-3.463101000000000340e+01
-3.462329900000000293e+01
-3.460845400000000183e+01
-3.463429500000000161e+01
-3.461506899999999831e+01
-3.457296999999999798e+01
-3.462912200000000240e+01
-3.460861299999999829e+01
-3.461013100000000264e+01
-3.457408300000000168e+01
-3.459704599999999886e+01
-3.459429699999999741e+01
-3.453926100000000332e+01
-3.465897600000000267e+01
-3.464316800000000285e+01
-3.458688999999999680e+01
-3.466444599999999809e+01
-3.456150300000000186e+01
-3.457734700000000316e+01
-3.462880799999999937e+01
-3.452877800000000263e+01
-3.466002600000000200e+01
-3.448141900000000248e+01
-3.463036100000000062e+01
-3.456853499999999713e+01
-3.460568500000000114e+01
-3.442598799999999670e+01
-3.464748399999999862e+01
-3.453729899999999731e+01
-3.465278699999999645e+01
-3.464982100000000287e+01
-3.457581199999999910e+01
-3.463547400000000209e+01
-3.450634600000000063e+01
-3.461856999999999829e+01
-3.462789899999999932e+01
-3.462457599999999758e+01
-3.452094100000000054e+01
-3.463086500000000001e+01
-3.465435200000000293e+01
-3.461341900000000038e+01
-3.460014000000000323e+01
-3.454687700000000206e+01
-3.455373300000000114e+01
-3.458949700000000149e+01
-3.455987300000000317e+01
-3.460511300000000290e+01
-3.460233499999999651e+01
-3.459300499999999801e+01
-3.460633800000000093e+01
-3.457298399999999816e+01
-3.461741399999999658e+01
-3.459990700000000174e+01
-3.457833999999999719e+01
-3.457775900000000036e+01
-3.462103499999999912e+01
-3.460195999999999827e+01
-3.466705499999999773e+01
-3.463816700000000282e+01
-3.458129000000000275e+01
-3.460018900000000031e+01
-3.458852999999999867e+01
-3.454984600000000228e+01
-3.456404299999999807e+01
-3.461928000000000338e+01
-3.461341099999999926e+01
-3.464008900000000324e+01
-3.459299899999999894e+01
-3.454523799999999767e+01
-3.457863300000000351e+01
-3.463009000000000270e+01
-3.454569599999999951e+01
-3.457072399999999845e+01
-3.462243000000000137e+01
-3.461629500000000093e+01
-3.463777000000000328e+01
-3.463001500000000021e+01
-3.457276600000000144e+01
-3.459686299999999903e+01
-3.458024600000000248e+01
-3.459119199999999950e+01
-3.459524499999999847e+01
-3.465236099999999908e+01
-3.464539899999999761e+01
-3.464268700000000223e+01
-3.455582600000000326e+01
-3.460276100000000099e+01
-3.459857000000000227e+01
-3.450234100000000126e+01
-3.461871699999999663e+01
-3.456599299999999886e+01
-3.452724099999999652e+01
-3.463121300000000247e+01
-3.462704200000000299e+01
-3.466206100000000134e+01
-3.456356600000000157e+01
-3.464476700000000164e+01
-3.459074100000000129e+01
-3.463302500000000350e+01
-3.464511000000000251e+01
-3.455890999999999735e+01
-3.456009800000000354e+01
-3.462996400000000108e+01
-3.454642199999999974e+01
-3.464146199999999709e+01
-3.460694500000000318e+01
-3.465465600000000279e+01
-3.463384400000000340e+01
-3.457981900000000053e+01
-3.464166500000000326e+01
-3.460511699999999990e+01
-3.465117500000000206e+01
-3.451377300000000048e+01
-3.459868600000000072e+01
-3.462201000000000306e+01
-3.466642900000000083e+01
-3.458802699999999675e+01
-3.462857600000000247e+01
-3.465926600000000235e+01
-3.462359500000000168e+01
-3.461305099999999868e+01
-3.456696199999999664e+01
-3.465723299999999796e+01
-3.460338300000000089e+01
-3.461532799999999810e+01
-3.465756300000000323e+01
-3.461613100000000287e+01
-3.456954700000000003e+01
-3.462380499999999728e+01
-3.461093400000000031e+01
-3.464084799999999831e+01
-3.462324199999999763e+01
-3.460944099999999679e+01
-3.460528300000000002e+01
-3.451666000000000167e+01
-3.462262700000000137e+01
-3.461878300000000053e+01
-3.462427300000000230e+01
-3.456591099999999983e+01
-3.464646499999999918e+01
-3.462670700000000323e+01
-3.457945699999999789e+01
-3.459514699999999721e+01
-3.465068399999999826e+01
-3.464840999999999838e+01
-3.460176100000000332e+01
-3.461396599999999779e+01
-3.465973600000000232e+01
-3.462615900000000124e+01
-3.464049700000000342e+01
-3.466175799999999896e+01
-3.461288400000000109e+01
-3.465613799999999856e+01
-3.465475899999999854e+01
-3.457166300000000092e+01
-3.461220900000000000e+01
-3.462854699999999752e+01
-3.452726899999999688e+01
-3.463407300000000077e+01
-3.464377499999999799e+01
-3.464911200000000235e+01
-3.460205100000000300e+01
-3.463533300000000281e+01
-3.461730699999999672e+01
-3.460620000000000118e+01
-3.455336100000000243e+01
-3.456249100000000141e+01
-3.463559500000000213e+01
-3.448189899999999852e+01
-3.462267899999999798e+01
-3.457926199999999994e+01
-3.452114300000000213e+01
-3.464768800000000226e+01
-3.465828100000000234e+01
-3.461406499999999653e+01
-3.463237999999999772e+01
-3.465563600000000122e+01
-3.463697799999999916e+01
-3.457020899999999841e+01
-3.460029300000000063e+01
-3.458240099999999728e+01
-3.462064800000000275e+01
-3.454705200000000076e+01
-3.467667500000000302e+01
-3.452838599999999758e+01
-3.460092499999999660e+01
-3.457898500000000297e+01
-3.464896000000000242e+01
-3.461919799999999725e+01
-3.459141100000000080e+01
-3.455582700000000074e+01
-3.459319399999999689e+01
-3.459728199999999987e+01
-3.454747799999999813e+01
-3.462443400000000082e+01
-3.463387800000000283e+01
-3.458883300000000105e+01
-3.460018099999999919e+01
-3.463974900000000190e+01
-3.457278500000000321e+01
-3.461400700000000086e+01
-3.464156400000000247e+01
-3.459907400000000166e+01
-3.462034799999999990e+01
-3.460401900000000097e+01
-3.466935399999999845e+01
-3.458804599999999851e+01
-3.461934800000000223e+01
-3.457311099999999726e+01
-3.458595499999999845e+01
-3.455401499999999970e+01
-3.451028600000000068e+01
-3.455147399999999891e+01
-3.462546499999999838e+01
-3.459368299999999863e+01
