4.807153900000000135e+01
3.203405999999999665e+01
1.606966799999999918e+00
3.388388100000000236e+01
-1.157920299999999969e+01
-2.695362400000000136e+01
-5.186997699999999867e+01
-4.958197299999999785e+01
-1.939302100000000095e+01
-5.773879799999999562e+00
2.740636900000000153e+01
-2.107547399999999982e+01
1.531978799999999978e+02
-5.801558399999999693e+01
-3.430587700000000240e+01
3.389979999999999905e+01
9.211025799999999819e+00
-1.567284899999999936e+01
-9.430779799999999824e+00
6.998925599999999747e+01
-2.697662199999999899e+01
-4.176051199999999852e+01
-1.043252599999999930e+01
6.226801600000000292e+01
-2.763557899999999989e+01
-3.298981100000000311e+01
-1.403095399999999948e+01
-5.555508400000000080e+01
1.078225300000000075e+01
4.576227599999999995e+01
6.383404300000000120e+01
-2.788041700000000134e+01
6.108754600000000323e+01
-3.971625600000000134e+01
-6.157607900000000356e+00
-5.911473099999999903e+01
-5.746481800000000106e+01
7.342273900000000708e+01
2.796203100000000177e+02
-4.912010999999999683e+01
1.151559400000000011e+02
1.558914499999999919e+02
-3.503144000000000347e+01
-3.498891900000000277e+01
5.765680499999999853e+01
2.085499199999999931e+01
1.781208399999999870e+01
2.715575099999999864e+01
5.262617500000000348e+01
1.041991300000000065e+00
-2.826657799999999909e+01
-3.465027400000000313e+01
7.434809799999999314e+01
4.754830900000000327e+01
7.976583399999999813e+01
-5.061602399999999946e+00
-7.457890799999999842e+01
-4.575183599999999728e+01
-3.171591899999999953e+01
-5.835503299999999882e+01
8.828970700000000704e+01
6.028103999999999729e+01
6.340239200000000075e+00
1.774545399999999873e+01
1.141612399999999994e+01
3.590536999999999779e+01
-1.821857999999999933e+01
-7.623132900000000234e+01
-1.407049899999999987e+01
-2.446278500000000022e+01
1.759943700000000000e+00
2.842430099999999982e+01
2.882774300000000167e+01
3.705736000000000274e+01
-4.021725599999999901e+01
-2.230152599999999907e+01
1.232122000000000028e+01
1.597495400000000032e+01
8.510103000000000293e+02
3.597265300000000110e+01
1.771485399999999899e+01
1.190966599999999964e+01
6.543005200000000343e+01
-8.593369700000000222e+00
-3.072236499999999992e+01
4.945911499999999705e+01
-5.827626599999999968e+01
7.798610700000000406e+01
-3.313104700000000236e+01
1.876473300000000108e+02
-1.855320100000000139e+01
1.112125299999999939e+01
-1.019931200000000082e+01
2.557983000000000118e+01
2.310635500000000064e+01
-5.294196600000000075e+01
5.696455000000000268e+01
2.017836799999999897e+01
6.092487200000000058e+01
1.311937700000000007e+02
5.263606599999999958e+01
9.204268300000000735e+00
-3.012331399999999881e+00
1.031476799999999940e+02
-4.339030499999999790e+01
-6.081080800000000153e+01
-4.360536700000000110e+01
9.856238500000000613e+01
7.352533399999999775e-01
2.450032799999999966e+01
-1.858000900000000044e+01
5.444270300000000162e+01
5.968766600000000011e+01
-2.992527899999999974e+01
2.336296700000000115e+00
7.834304899999999350e+01
-4.920030599999999765e+01
1.147273099999999957e+01
-7.618545000000000300e+01
7.271546999999999628e+01
5.463803399999999755e+01
-4.614368900000000195e+01
-6.603309300000000270e+00
4.122520300000000049e+01
-1.539393500000000081e+00
-3.061358699999999899e+01
-2.948233000000000104e+01
2.272088999999999803e+00
-1.730458900000000000e+01
1.317489300000000014e+02
-2.090442399999999878e+01
5.276090200000000152e+01
3.327604700000000193e+00
1.141747000000000014e+02
-3.741106200000000115e+01
2.549187200000000075e+01
1.529625599999999963e+01
8.941966999999999999e+00
-5.052027700000000010e+00
4.865788799999999981e+01
-4.316879800000000245e+01
-2.533031899999999936e+01
-5.566174500000000336e+01
8.817001000000000488e+01
-3.467509499999999800e+00
-3.414442100000000035e+00
2.151905700000000081e+02
7.231481500000000118e+00
2.120172700000000177e+01
7.013875099999999918e+01
5.232384399999999713e-01
-7.223006999999999955e+00
3.625812200000000018e+01
1.295624899999999968e+01
-1.685264600000000002e+01
1.187490099999999984e+02
-6.865161899999999662e+01
1.663385299999999845e+01
-3.144463899999999867e+01
1.554511899999999969e+01
-1.466106899999999946e+01
-3.077362499999999912e+01
4.940188599999999752e+01
-4.334541999999999717e+01
-4.580655999999999750e+01
-8.853345499999999646e+00
2.808222800000000063e+01
3.214072399999999874e+01
3.337897199999999742e+01
-6.075202199999999664e+01
-5.356383100000000042e+01
-6.393985999999999947e+00
7.729707399999999495e+01
2.303179599999999994e+01
3.608207399999999865e+01
3.807856100000000055e+01
4.730634299999999826e+01
3.438854500000000058e+01
3.352207400000000348e+01
-3.327604999999999791e+01
-2.463562800000000053e+01
1.147100300000000033e+02
3.838600500000000082e+00
-3.464209699999999970e+01
2.356308300000000031e+02
4.383494900000000172e+01
-2.954482099999999889e+01
-3.882455000000000211e+01
-6.566002000000000294e+01
7.236612499999999670e+00
-4.609093299999999971e+01
6.109182200000000229e+00
9.373882300000000001e+00
5.243781599999999798e+01
3.904959699999999856e+01
2.818842100000000173e+01
6.602146099999999684e+00
2.809232700000000023e+02
2.654408799999999857e+01
-1.798170899999999861e+01
7.772834600000000194e+01
6.968038400000000188e+00
-3.901811799999999941e+00
-9.189280500000000629e+00
-1.593115200000000087e+01
-2.199060799999999816e+00
-5.760188000000000130e+01
1.752840399999999832e+01
7.256465599999999938e+01
-2.371268600000000148e+01
-1.341738699999999973e+01
4.890435000000000088e+01
7.206132499999999830e+00
2.549592199999999877e+02
-2.971113100000000173e+01
4.931973600000000069e+00
-2.400328899999999877e+00
1.822431299999999865e+01
-2.712685099999999849e+01
5.084654599999999647e+01
-7.547065200000000118e+01
4.947945299999999946e+01
-2.159430400000000105e+01
3.612650299999999959e+01
-1.170729200000000070e+01
-4.371411400000000214e+01
3.797911200000000008e+03
7.777035300000000007e+01
3.641581299999999999e+01
7.364331900000000530e+01
1.513297799999999995e+02
-4.476631499999999875e+01
3.154666399999999982e+01
2.745951200000000085e+02
-6.343360800000000133e+00
-4.651558899999999852e+01
-3.951232600000000161e+01
-1.918704400000000021e+01
-4.370748199999999883e+01
1.220857100000000059e+02
-4.318475800000000220e+01
-2.109487599999999929e+01
-1.089021400000000028e+01
6.313950799999999930e+01
-7.723918399999999451e+01
7.306627199999999789e+01
1.802340499999999963e+02
9.849984800000000007e+01
-2.884582999999999942e+01
2.768648900000000168e+01
1.055422999999999973e+02
-2.130639000000000038e+01
-4.931006000000000000e+01
5.740254800000000301e+01
-4.297034000000000020e+01
-4.401563600000000065e+01
