-3.449862199999999746e+01
-3.460012799999999800e+01
-3.454843600000000237e+01
-3.454787400000000019e+01
-3.452279200000000259e+01
-3.460272299999999746e+01
-3.450925399999999854e+01
-3.458268100000000089e+01
-3.454724000000000217e+01
-3.453757000000000232e+01
-3.457640299999999911e+01
-3.456565799999999911e+01
-3.460602300000000042e+01
-3.460134200000000249e+01
-3.461511500000000296e+01
-3.458816600000000108e+01
-3.461087700000000211e+01
-3.461440400000000039e+01
-3.438340699999999828e+01
-3.454266899999999652e+01
-3.454952699999999766e+01
-3.461961000000000155e+01
-3.462586499999999745e+01
-3.457310999999999979e+01
-3.453468000000000160e+01
-3.461655300000000324e+01
-3.453866000000000014e+01
-3.458669799999999839e+01
-3.459549899999999667e+01
-3.458008199999999732e+01
-3.454464999999999719e+01
-3.455533499999999947e+01
-3.456840300000000354e+01
-3.457350600000000185e+01
-3.457824099999999845e+01
-3.451112599999999730e+01
-3.458486200000000110e+01
-3.463649800000000312e+01
-3.452700399999999803e+01
-3.456456800000000129e+01
-3.461255200000000087e+01
-3.447416799999999881e+01
-3.463181900000000013e+01
-3.459124500000000069e+01
-3.458467600000000175e+01
-3.461592999999999876e+01
-3.460496700000000203e+01
-3.457034600000000069e+01
-3.456559000000000026e+01
-3.458126800000000145e+01
-3.452596700000000141e+01
-3.462127799999999667e+01
-3.461523600000000300e+01
-3.458373699999999928e+01
-3.463135299999999717e+01
-3.461719999999999686e+01
-3.461339900000000114e+01
-3.457185900000000345e+01
-3.460543700000000200e+01
-3.459725499999999698e+01
-3.460753299999999655e+01
-3.455350299999999919e+01
-3.454056899999999786e+01
-3.460452300000000037e+01
-3.458867599999999953e+01
-3.461194100000000162e+01
-3.460727399999999676e+01
-3.461897799999999847e+01
-3.457175900000000013e+01
-3.460401300000000191e+01
-3.452995299999999901e+01
-3.449827799999999911e+01
-3.452841999999999700e+01
-3.462217600000000317e+01
-3.454033900000000301e+01
-3.460802600000000240e+01
-3.458889400000000336e+01
-3.461251099999999781e+01
-3.457399800000000312e+01
-3.456236799999999931e+01
-3.463323599999999658e+01
-3.463010599999999783e+01
-3.455517100000000141e+01
-3.455745799999999690e+01
-3.464031599999999855e+01
-3.458127000000000351e+01
-3.464460499999999854e+01
-3.460210800000000120e+01
-3.443948000000000320e+01
-3.451535299999999751e+01
-3.461356299999999919e+01
-3.459505399999999753e+01
-3.451949799999999868e+01
-3.458394200000000041e+01
-3.461194600000000321e+01
-3.457137500000000330e+01
-3.461460100000000040e+01
-3.458209800000000200e+01
-3.459196399999999727e+01
-3.455331400000000031e+01
-3.459072299999999700e+01
-3.462496099999999899e+01
-3.456958199999999692e+01
-3.457029599999999903e+01
-3.456314799999999821e+01
-3.459047900000000197e+01
-3.460092300000000165e+01
-3.448697399999999647e+01
-3.450550900000000354e+01
-3.460825299999999771e+01
-3.455971699999999913e+01
-3.460860999999999876e+01
-3.457993499999999898e+01
-3.449816299999999814e+01
-3.460932400000000086e+01
-3.457897100000000279e+01
-3.449588599999999872e+01
-3.457941399999999987e+01
-3.461208299999999838e+01
-3.458309400000000267e+01
-3.445502400000000165e+01
-3.453720200000000062e+01
-3.459772399999999948e+01
-3.453285000000000338e+01
-3.462788700000000119e+01
-3.452985199999999821e+01
-3.459802899999999681e+01
-3.453908899999999704e+01
-3.462263099999999838e+01
-3.456968200000000024e+01
-3.456088900000000308e+01
-3.446903100000000109e+01
-3.464006599999999736e+01
-3.461054299999999984e+01
-3.460939499999999924e+01
-3.462606099999999998e+01
-3.454819100000000276e+01
-3.460749599999999759e+01
-3.454280200000000178e+01
-3.459378900000000101e+01
-3.458614800000000145e+01
-3.459093500000000176e+01
-3.463686899999999724e+01
-3.443425899999999729e+01
-3.461427299999999718e+01
-3.457113199999999864e+01
-3.458253299999999797e+01
-3.460718299999999914e+01
-3.453296999999999883e+01
-3.458236699999999786e+01
-3.454664999999999964e+01
-3.460897200000000140e+01
-3.434261300000000006e+01
-3.460697600000000307e+01
-3.462258700000000289e+01
-3.462983799999999945e+01
-3.455519300000000271e+01
-3.457394299999999987e+01
-3.459455899999999673e+01
-3.459730199999999911e+01
-3.464568599999999776e+01
-3.462498300000000029e+01
-3.452749000000000024e+01
-3.442211100000000101e+01
-3.458331199999999939e+01
-3.459379200000000054e+01
-3.459637299999999982e+01
-3.461591700000000316e+01
-3.462793500000000080e+01
-3.460391099999999653e+01
-3.455480099999999766e+01
-3.460641199999999884e+01
-3.457840300000000155e+01
-3.457003699999999924e+01
-3.456362500000000182e+01
-3.461575500000000005e+01
-3.461595799999999912e+01
-3.456200299999999714e+01
-3.458574600000000032e+01
-3.437870800000000315e+01
-3.463768400000000014e+01
-3.451026399999999938e+01
-3.460276000000000352e+01
-3.463534299999999888e+01
-3.462196200000000346e+01
-3.460002399999999767e+01
-3.460146999999999906e+01
-3.457986900000000219e+01
-3.461569099999999821e+01
-3.454993000000000336e+01
-3.458444999999999681e+01
-3.458350099999999827e+01
-3.455494199999999694e+01
-3.462268999999999863e+01
-3.457817800000000119e+01
-3.450720499999999902e+01
-3.462582499999999897e+01
-3.461222099999999813e+01
-3.454640400000000255e+01
-3.459452199999999777e+01
-3.454039300000000168e+01
-3.461213999999999658e+01
-3.458795599999999837e+01
-3.462399700000000280e+01
-3.457062499999999972e+01
-3.457485400000000197e+01
-3.455952200000000119e+01
-3.460239899999999835e+01
-3.459610399999999686e+01
-3.460812399999999656e+01
-3.457028300000000343e+01
-3.450696599999999847e+01
-3.458168400000000275e+01
-3.448501699999999914e+01
-3.459862600000000299e+01
-3.460589800000000338e+01
-3.455760699999999730e+01
-3.459719299999999720e+01
-3.459328099999999750e+01
-3.454841299999999649e+01
-3.455669199999999819e+01
-3.459381100000000231e+01
-3.461728800000000206e+01
-3.452392300000000347e+01
-3.454317799999999750e+01
-3.458340599999999654e+01
-3.457739000000000118e+01
-3.459832999999999714e+01
-3.462566300000000297e+01
-3.458381899999999831e+01
-3.452691200000000293e+01
-3.460283100000000189e+01
-3.460953899999999805e+01
-3.461550499999999886e+01
-3.458049299999999704e+01
-3.454834199999999811e+01
-3.456107000000000085e+01
-3.458919300000000163e+01
-3.458699800000000124e+01
-3.457754200000000111e+01
-3.460438400000000314e+01
-3.457324299999999795e+01
-3.445240400000000136e+01
-3.413985499999999718e+01
-3.459112199999999859e+01
-3.460884899999999931e+01
-3.458434100000000200e+01
-3.459422399999999698e+01
-3.456719300000000317e+01
-3.450171799999999678e+01
-3.460669500000000198e+01
-3.456333099999999803e+01
-3.460299599999999742e+01
-3.464125800000000055e+01
-3.461286900000000344e+01
-3.457272199999999884e+01
